0.997006098	2.035242843	1.735634055	1
1.117241401	2.5529702	1.55128914	1
0.983123542	2.027092126	1.618239785	1
1.12586723	2.067895888	1.483634216	1
1.129415182	2.076370352	1.429220189	1
1.085100139	2.436723252	1.513282474	1
1.331303723	2.644520466	1.296777777	0
1.111815394	1.861705547	1.049909118	1
1.156221939	2.128493977	1.443980553	1
1.18962835	1.94985895	1.728530985	1
1.325673435	1.687771398	0.663228687	0
1.342290893	2.66180217	1.336145122	0
1.22632048	1.965356917	1.664683723	1
1.314681943	2.760940972	1.292649958	0
1.384329498	1.625831157	0.626071042	0
1.158649711	2.107691271	1.462824098	1
1.380633152	1.67974966	0.641761316	0
1.176618919	2.057499938	1.731469462	1
1.387131989	2.700133711	1.308955309	0
1.0955273	2.097679179	1.342920691	1
1.113162174	2.488802028	1.561791063	1
1.031741068	2.070517326	1.720137301	1
1.005310372	2.074485825	1.732949146	1
0.967412038	2.052276906	1.720198808	1
1.15953307	2.08391608	1.45714	1
1.142605807	1.863748596	1.047488197	1
1.014086153	1.965493845	1.727079498	1
1.139842833	1.886392028	1.013980606	1
1.262931413	2.419220481	1.194680002	0
1.365363569	1.690662301	0.621330134	0
1.292016474	2.518734981	1.214677009	0
1.133436169	2.456329645	1.520742179	1
1.182725157	2.043839071	1.679123964	1
1.320361825	2.701023427	1.338356496	0
1.352331583	1.659882936	0.625360098	0
0.973912836	2.023868067	1.62759288	1
1.310682044	2.376077571	1.222096764	0
1.084193728	2.10719194	1.380303634	1
1.365553634	1.632298098	0.649550868	0
1.108023977	2.527182579	1.524831838	1
1.153056011	2.086257337	1.479197624	1
1.327969369	2.731844813	1.297008565	0
1.293950315	2.682363267	1.359418299	0
1.294855484	2.425632694	1.201611019	0
1.398299635	1.629329059	0.644671695	0
1.181818182	2.03125	1.686440678	1
1.028916826	2.117651987	1.385054767	1
1.366034493	1.694185323	0.666892029	0
0.997069716	2.031033015	1.731490031	1
1.336867884	2.59893638	1.353219249	0
1.338072099	2.694680948	1.358966658	0
1.32216682	2.505235746	1.159103503	0
1.284450857	2.315988765	1.179902672	0
1.157789347	2.101203523	1.464931824	1
1.277631976	2.391089982	1.214299973	0
1.305348594	2.43390405	1.20359376	0
1.382673476	1.614623054	0.643147449	0
1.059731703	2.108789942	1.342569144	1
1.366166463	2.723043486	1.355423318	0
1.33879687	2.694711962	1.336500436	0
1.147768106	1.922843294	1.034685088	1
1	2	1.77778	1
1.268552745	2.430095842	1.21919515	0
1.28477369	2.442951272	1.225631037	0
1.287442814	2.380435275	1.226720536	0
1.372814151	1.684939475	0.640672929	0
1.360297107	1.629636274	0.646370494	0
1.341864228	2.734342326	1.304335202	0
1.139091882	2.05664872	1.676283067	1
1.133571463	1.883921347	1.037880882	1
1.275782489	2.324756687	1.190317741	0
1.128528638	2.411438361	1.514513709	1
1.084049705	2.058708401	1.374210254	1
1.280160571	2.430252036	1.201503199	0
1.238906246	2.359256919	1.200724406	0
1.008586873	2.03724992	1.725148986	1
1.375895513	1.663514813	0.648779398	0
1.205177835	2.05780391	1.632291897	1
1.346781124	2.741465984	1.345673391	0
1.35042029	1.662154132	0.633907794	0
1.350980635	1.63499314	0.630550077	0
1.29764292	2.760587441	1.27542621	0
1.362327656	2.682399702	1.328241449	0
1.209139998	2.030541798	1.641260156	1
1.274516471	2.358325391	1.189995097	0
1.382797273	1.6490219	0.644365389	0
1.372610938	2.619065128	1.27826191	0
1.062426202	2.096490206	1.393492227	1
1.407720871	1.696831194	0.632842026	0
1.308409611	1.667863661	0.635030826	0
1.326490834	2.719998433	1.326376901	0
1.169313533	2.10025807	1.500839988	1
1.284358146	2.435353541	1.217263766	0
1.083571132	2.038789971	1.384710881	1
1.368121168	2.725427914	1.34928018	0
1.369978158	2.729401587	1.365729809	0
1.135509671	2.462176538	1.500014909	1
1.115214274	2.042813052	1.386090061	1
1.002535034	1.932475434	1.744692698	1
1.313577289	2.410333773	1.165175668	0
1.361258146	1.631766901	0.641620404	0
1.1896556	2.07624798	1.465969279	1
1.17831893	2.135812444	1.450468094	1
1.354003001	1.751471847	0.670121196	0
1.256273211	2.537162541	1.205003978	0
1.324906553	2.365232628	1.214510866	0
1.240006704	2.421462515	1.212188559	0
1.229853306	2.076099929	1.652435299	1
1.258247647	2.38130189	1.247950494	0
1.262954208	2.451807866	1.221228557	0
1.333763732	2.67449689	1.32859565	0
1.169972735	1.963393638	1.090804408	1
1.351314147	1.701021631	0.640683841	0
1.073174187	2.368032662	1.468554484	1
1.314088262	2.325560324	1.212633299	0
1.292676937	1.738134375	0.636266467	0
1.316156313	1.655498751	0.634796973	0
1.336384439	2.678899083	1.318	0
1.122052799	2.425802729	1.533562911	1
1.10128483	2.104836978	1.331794794	1
1.2838275	2.709883313	1.334854727	0
1.405558275	1.640735662	0.662349417	0
1.324451142	1.69714938	0.620302589	0
1.33172011	1.677199425	0.648920204	0
1.007213774	1.916853137	1.724674423	1
1.336090906	1.615302057	0.654389813	0
1.142431541	1.88056727	1.096380087	1
1.286530548	2.449498179	1.223708821	0
0.981382126	2.044479776	1.709416344	1
1.279310345	2.424836601	1.214285714	0
1.331324352	1.741988875	0.647119329	0
1.078655741	2.046649775	1.372829179	1
1.311279412	2.412135613	1.223160018	0
1.350982646	1.716259209	0.618907152	0
1.090220213	2.396338709	1.506081369	1
1.317376042	1.713499478	0.646051096	0
1.181995905	2.09123448	1.478320246	1
1.060226985	2.473019178	1.53849287	1
1.209936717	2.150281207	1.44336465	1
1.317572361	2.622678588	1.314356712	0
1.133003448	1.948439573	1.055354029	1
1.243879133	2.431094397	1.226275734	0
1.115350782	2.071080243	1.402970716	1
1.377001659	2.676919384	1.309800698	0
1.085001497	2.112438059	1.379540427	1
1.245408949	2.479001394	1.233768574	0
1.091327946	2.540677753	1.523051783	1
1.276935252	2.383852711	1.174403131	0
1.303354715	2.364427404	1.212087435	0
1.238653693	2.419720186	1.162656711	0
1.126605505	1.91875	1.051724138	1
1.131472436	1.911078867	1.051173552	1
1.35138716	1.613469732	0.646379221	0
0.995948941	2.109763224	1.688899474	1
1.049245188	2.037298965	1.369672035	1
1.348006013	2.677429562	1.324249114	0
1.301927211	2.505591462	1.209656701	0
1.177826057	1.953847995	1.702765301	1
1.386233334	1.750155242	0.645785904	0
1.313397095	1.669220238	0.639076435	0
1.217816516	2.048533596	1.738518654	1
1.32180157	1.680739173	0.647070101	0
1.148623643	2.037819588	1.463289369	1
1.161556912	1.933495572	1.056154339	1
1.36044452	1.67179899	0.631132512	0
1.287538411	2.707949737	1.322188318	0
1.339335903	2.690389976	1.314917127	0
1.046034081	2.023870876	1.360258099	1
1.28433348	2.491831394	1.207546984	0
1.305042087	2.583039997	1.324273875	0
1.126207589	1.921203219	1.050643874	1
1.201156284	2.050413252	1.670530809	1
1.315658255	2.67066903	1.290622142	0
1.138807671	2.157540653	1.451481716	1
1.327667817	2.764880589	1.321825683	0
1.367552917	2.692537254	1.329984596	0
1.293495707	2.734859309	1.336267904	0
1.366995765	1.663192238	0.641571965	0
1.400897913	1.640825412	0.632108238	0
1.124089847	2.389478551	1.559059503	1
1.092228258	1.87684862	1.047263823	1
1.303236116	1.641290405	0.650671845	0
1.312495295	2.706567662	1.288164811	0
1.179056517	2.022423903	1.726290821	1
1.251252791	2.524044166	1.198138735	0
1.365634759	1.695546765	0.645120832	0
1.134716001	2.084766199	1.413533614	1
1.121004266	1.90534878	1.064809938	1
1.110268941	1.917183004	1.066696129	1
1.280340475	2.441591198	1.256560093	0
1.275825367	2.465841617	1.219126892	0
1.159886088	2.064958677	1.452657264	1
0.971347938	2.044675639	1.686165558	1
1.078947368	2.070707071	1.370967742	1
1.323599304	2.776754061	1.297293626	0
1.064292899	2.143725378	1.356046653	1
1.262253055	2.388759981	1.238063405	0
1.367139659	1.617487129	0.639593394	0
1.347141965	2.738569845	1.310747524	0
1.294398317	2.402895908	1.251211099	0
1.300080357	2.328038269	1.175327141	0
0.993741687	2.093416846	1.673694049	1
1.204857133	2.040610359	1.653226164	1
1.113815028	2.096767213	1.319361886	1
1.350497803	1.63843906	0.624617466	0
1.132428787	2.101054799	1.468866916	1
1.298933544	2.419075843	1.25347327	0
1.284050431	1.706724026	0.655103062	0
1.088329061	2.485248818	1.522999305	1
1.086729973	2.474449583	1.465830137	1
1.316003337	1.717151673	0.640160126	0
1.172545651	1.860532776	1.017644319	1
1.339744504	2.679362066	1.299082493	0
1.363443012	2.711890467	1.285559922	0
1.182247505	2.005672604	1.694132236	1
1.36650106	2.699349365	1.280303616	0
1.06667225	2.069490248	1.358309627	1
1.363729577	2.694305373	1.278919753	0
1.093457944	2.4375	1.515151515	1
1.346704871	1.678571429	0.642857143	0
1.309824427	2.66751533	1.339690385	0
1.060664121	2.12337273	1.364462788	1
1.1642651	2.088988025	1.45990506	1
1.148763975	2.11614459	1.473909462	1
1.085517979	2.443625815	1.516068775	1
1.310807685	2.364874934	1.228616206	0
1.280075748	2.769982998	1.308677649	0
0.987772577	1.994874217	1.656929718	1
1.148505079	1.90765382	1.09251463	1
1.114140619	2.42097965	1.501855983	1
1.199079271	2.063837665	1.649338604	1
1.019862199	1.949822249	1.675399487	1
1.299731546	1.679747234	0.644018608	0
1.323442061	2.700999214	1.299064947	0
1.35816267	1.683731676	0.655702923	0
1.028036966	2.035205947	1.690424231	1
1.156756089	2.014793338	1.719985729	1
1.349164802	1.720930855	0.628669385	0
0.961723214	2.062411215	1.662366764	1
1.302478898	2.672052164	1.290914079	0
1.188557163	1.943815701	1.740791641	1
1.228771435	2.500560721	1.22316784	0
1.059354304	2.47863396	1.458857439	1
1.30839056	2.726351684	1.287547458	0
1.320052669	1.74153368	0.640584694	0
1.113165253	2.504980477	1.483064252	1
1.306547336	2.764696303	1.302314935	0
1.134709437	1.995488042	1.74686622	1
1.338390507	2.475309952	1.226463455	0
1.311624678	2.430830286	1.233103853	0
1.316027121	2.369062628	1.201678107	0
1.303600127	2.501302164	1.238251524	0
1.313192492	1.611344354	0.636043186	0
1.097558406	1.890318545	1.076760712	1
1.307274791	2.778549676	1.320354173	0
1.1424749	1.942374096	1.038516967	1
1.404102346	1.617765732	0.632061532	0
1.370900357	1.650925651	0.650156488	0
1.157214135	2.030358652	1.709231005	1
1.277072929	2.427900925	1.190849782	0
1.102810299	2.136609692	1.40586247	1
1.27274213	2.489456048	1.159120095	0
1.29420999	2.520371483	1.220039383	0
1.351901597	2.621259383	1.356040231	0
1.150555866	1.91701042	1.037121725	1
1.164606466	2.107502042	1.475298267	1
1.350480501	2.67149968	1.271612232	0
1.319519764	2.651826034	1.319635801	0
1.334274953	2.614480894	1.274895558	0
1.265274303	2.401423295	1.214800714	0